MY OUTPUT: 
Testing with Partial Data:
Country	1983	1984	1985	1986	1987	1988	1989	
canada	0.0	0.0	0.046433382	0.229211886	0.370663166	0.752880479	1.264765577	
mexico	0.0	0.0	0.0	0.0	0.0	0.001815204	0.010079818	
usa	0.0	0.038253436	0.140659444	0.279060364	0.498659917	0.829863407	1.39281703	
 
usa (1983 to 1989): 3.18 
mexico (1983 to 1989): 0.01 
ERROR : requested year 1890 from canada is less than starting year 1983
canada (1890 to 2000): -1.00 


Testing with All Data:
Country	1960	1961	1962	1963	1964	1965	1966	1967	1968	1969	1970	1971	1972	1973	1974	1975	1976	1977	1978	1979	1980	1981	1982	1983	1984	1985	1986	1987	1988	1989	1990	1991	1992	1993	1994	1995	1996	1997	1998	1999	2000	2001	2002	2003	2004	2005	2006	2007	2008	2009	2010	2011	2012	
canada	0.0	0.0	0.0	0.0	0.0	0.0	0.0	0.0	0.0	0.0	0.0	0.0	0.0	0.0	0.0	0.0	0.0	0.0	0.0	0.0	0.0	0.0	0.0	0.0	0.0	0.046433382	0.229211886	0.370663166	0.752880479	1.264765577	2.110674786	2.769888481	3.621301434	4.648371087	6.435664704	8.840378661	11.82226558	14.04583637	17.73689555	22.72196984	28.42909462	34.36625958	37.94941948	42.07126881	47.06386648	52.75959279	57.49320536	61.47310755	66.20487722	70.54830532	75.676078	79.41215888	80.05046389	
mexico	0.0	0.0	0.0	0.0	0.0	0.0	0.0	0.0	0.0	0.0	0.0	0.0	0.0	0.0	0.0	0.0	0.0	0.0	0.0	0.0	0.0	0.0	0.0	0.0	0.0	0.0	0.0	0.0	0.001815204	0.010079818	0.074266061	0.183067275	0.348322481	0.421293924	0.608553991	0.721767371	1.051320868	1.758956617	3.326889843	7.556565917	13.55289414	20.65462731	24.29476815	27.85371761	35.15321825	42.56115672	49.40875353	58.62729509	65.49948112	71.45817512	77.51826326	79.24118294	83.35070827	
usa	0.0	0.0	0.0	0.0	0.0	0.0	0.0	0.0	0.0	0.0	0.0	0.0	0.0	0.0	0.0	0.0	0.0	0.0	0.0	0.0	0.0	0.0	0.0	0.0	0.038253436	0.140659444	0.279060364	0.498659917	0.829863407	1.39281703	2.075802366	2.939643902	4.249049037	6.103716586	9.104921407	12.6047249	16.23815248	20.14238484	24.89063952	30.57610298	38.46809105	44.69057874	48.85103822	54.84681409	62.54719598	68.31769507	76.29353842	82.06414479	85.20916517	88.62364611	91.31165202	94.71891668	95.44786574	
 
usa (1983 to 1989): 3.18 
mexico (1960 to 2000): 29.62 
ERROR : requested year 1890 from canada is less than starting year 1960
canada (1890 to 2000): -1.00 


Testing with My 5 Row Table With All Data:
Country	1960	1961	1962	1963	1964	1965	1966	1967	1968	1969	1970	1971	1972	1973	1974	1975	1976	1977	1978	1979	1980	1981	1982	1983	1984	1985	1986	1987	1988	1989	1990	1991	1992	1993	1994	1995	1996	1997	1998	1999	2000	2001	2002	2003	2004	2005	2006	2007	2008	2009	2010	2011	2012	
aruba	0.0	0.0	0.0	0.0	0.0	0.0	0.0	0.0	0.0	0.0	0.0	0.0	0.0	0.0	0.0	0.0	0.0	0.0	0.0	0.0	0.0	0.0	0.0	0.0	0.0	0.0	0.0	0.0	0.0	0.0	0.0	0.0	0.029310471	0.0	0.0	2.138784453	3.605985937	3.98141538	6.16435217	13.48254011	16.50927821	57.05427692	65.05605558	72.10431377	99.64250268	103.3849507	108.1325002	112.2180618	119.2038996	126.2103374	129.72824	0.0	131.8565401	
andorra	0.0	0.0	0.0	0.0	0.0	0.0	0.0	0.0	0.0	0.0	0.0	0.0	0.0	0.0	0.0	0.0	0.0	0.0	0.0	0.0	0.0	0.0	0.0	0.0	0.0	0.0	0.0	0.0	0.0	0.0	0.0	0.0	1.307211734	1.278625641	1.250259142	4.424155104	8.538444783	13.44671556	22.12730607	32.14530928	35.99902139	43.27794118	45.77115817	68.60251444	73.82494308	79.48487497	84.27763597	78.1171579	80.2836099	82.06181111	84.06818386	83.53432222	81.50204186	
afghanistan	0.0	0.0	0.0	0.0	0.0	0.0	0.0	0.0	0.0	0.0	0.0	0.0	0.0	0.0	0.0	0.0	0.0	0.0	0.0	0.0	0.0	0.0	0.0	0.0	0.0	0.0	0.0	0.0	0.0	0.0	0.0	0.0	0.0	0.0	0.0	0.0	0.0	0.0	0.0	0.0	0.0	0.0	0.112598381	0.865196277	2.498055472	4.826865367	9.833164022	17.71624331	29.22037376	37.89493697	45.77817474	60.32631999	60.35299258	
angola	0.0	0.0	0.0	0.0	0.0	0.0	0.0	0.0	0.0	0.0	0.0	0.0	0.0	0.0	0.0	0.0	0.0	0.0	0.0	0.0	0.0	0.0	0.0	0.0	0.0	0.0	0.0	0.0	0.0	0.0	0.0	0.0	0.0	0.009672748	0.015532086	0.016472597	0.026485822	0.055130843	0.07474762	0.177638088	0.185322296	0.521366177	0.940444726	2.269621281	4.63174063	9.738161173	17.83989624	28.01098233	36.98368954	42.84657348	45.57339756	47.0305726	47.07374094	
albania	0.0	0.0	0.0	0.0	0.0	0.0	0.0	0.0	0.0	0.0	0.0	0.0	0.0	0.0	0.0	0.0	0.0	0.0	0.0	0.0	0.0	0.0	0.0	0.0	0.0	0.0	0.0	0.0	0.0	0.0	0.0	0.0	0.0	0.0	0.0	0.0	0.068840778	0.099059921	0.168397958	0.331772024	0.901406013	11.94887288	26.07553141	33.95706284	39.16395669	47.87802749	60.06734238	73.35038415	58.91235149	78.1845877	85.468247	98.29153459	110.6865316	
 
andorra (1975 to 1995): 8.26 
angola (1960 to 2000): 0.56 
albania (1997 to 1997): 0.10 


Testing with My 5 Row Table With Invalid Data:
make up country (1987 to 1999): 0.00 
andorra (1999 to 1998): 0.00 
ERROR : requested year 1800 from angola is less than starting year 1960
angola (1800 to 1990): -1.00 
ERROR : requested year 1997 from albania is less than starting year 1960
albania (1997 to 2997): -1.00 
